time,x,y,z,phi,theta,psi,x_velocity,y_velocity,z_velocity,phi_velocity,theta_velocity,psi_velocity,rotor_speed1,rotor_speed2,rotor_speed3,rotor_speed4
0.06,-2.386108143777808e-07,1.1527470076127287e-07,10.006901301371885,0.00010866658969455045,6.282703066176548,0.0,9.999659523548842e-06,1.0705355501248558e-05,0.23002463512286686,0.005207618958014021,-0.033418796492868705,0.0,477.1145286389671,474.5567283177803,476.71097193972207,477.10862588376153
0.12000000000000001,2.1920591442145198e-05,5.919651458085092e-06,10.028227286213037,0.0010335293498213716,6.280368696915021,0.0,0.0009943371358540872,0.00026630567610279245,0.4807690595572759,0.030497629154894006,-0.053108026410078855,0.0,483.56340693253105,482.0774801754007,481.1230595358196,483.03361572706024
0.18,0.00014764520183425126,4.849678007337003e-05,10.058801226730774,0.0028554560945410756,6.2768197309061335,0.0,0.00351482272017854,0.0013276781692483242,0.5383349711310859,0.030099808338791514,-0.07534700380011734,0.0,424.8873292103099,422.9738727276125,423.0417516523712,423.00785338357736
0.23999999999999996,0.0004878413874828965,0.00018557489768226742,10.091387353698133,0.0048679315419581926,6.27219099736995,0.0,0.008230156581771626,0.0034114202836348323,0.5478608429394523,0.03966101207780518,-0.08100739825731854,0.0,407.7725124745635,407.2612916030228,407.05828503341445,407.91342669025295
0.3,0.0011876578750722277,0.00048227189475901427,10.123936401032262,0.007221709379351182,6.267564308710055,0.0,0.015502382688368494,0.006681098195349981,0.5371063194829382,0.03835283692480888,-0.07028249028262772,0.0,400.4432290919802,401.4120219452919,400.2481446137319,400.13004433640447
0.36000000000000004,0.0024908774331395904,0.0010570863183845768,10.161252604446426,0.00949280252410123,6.263420586775133,0.0,0.028406139205608843,0.012735393677579252,0.7066669728747755,0.036829902705938077,-0.06672765983453029,0.0,458.9387135722452,459.2172847818492,458.5944247157943,458.47409656833105
0.4200000000000001,0.004633869299380459,0.0020330411148528162,10.207390102645961,0.011344483394191585,6.259600348335727,0.0,0.04343775308423395,0.020014240294194872,0.8311556591828926,0.014930026575359055,-0.05816965489413878,0.0,444.21827839070943,444.91641804708615,446.71403027444705,444.92519912217165
0.48000000000000015,0.007736035120066559,0.003469420730007981,10.260064786912338,0.011873071496063758,6.255690852497851,0.0,0.060333565516338214,0.027940382406324796,0.9245853066977094,-0.007697874427107581,-0.08522727353191074,0.0,437.17496354218514,434.91134666030155,436.12387166819286,434.2299661770131
0.5400000000000001,0.011886785719699929,0.0053659267855094535,10.316555312233184,0.01105378487549391,6.251026822880281,0.0,0.07847170262034772,0.03522054244562422,0.9583911814598209,-0.029545624795918,-0.06587559245706696,0.0,414.78894183694405,416.4792777657536,418.0304377170713,416.1225717726934
0.6000000000000002,0.017484316281444888,0.007769069118756372,10.383437476771634,0.00921118327105841,6.247286461482684,0.0,0.10861479239189446,0.04463972671808035,1.2707046141505307,-0.03314646560037604,-0.05607096451426669,0.0,500.60892689616264,501.3194077711326,500.8563158639822,500.5941922106264
0.6600000000000003,0.02475028711297313,0.010628767127158817,10.462535821191116,0.007149134571299065,6.244214011983683,0.0,0.1339042007778542,0.05047735618686929,1.3657861483304838,-0.0369281355019696,-0.04292411511574658,0.0,437.1591464984647,438.25136455304676,436.69016939965434,436.3741181632564
0.7200000000000003,0.03365626499469787,0.013806136312183394,10.548918854203912,0.0047586393531515725,6.2412427401980075,0.0,0.16325047789039296,0.05518316775696554,1.5134521746892426,-0.04641717061442246,-0.06791301803713896,0.0,454.59012111494144,452.5818223992083,454.3982113647187,453.63616428431044
0.7800000000000004,0.04432836762824098,0.017204201067402086,10.642609399001003,0.0019905637424466605,6.2367290389318555,0.0,0.192908188863164,0.057803356891923285,1.6094156962404504,-0.045575522045774496,-0.09680247826322773,0.0,439.08380276425186,436.6757748552692,438.297376415966,438.3660262902026
0.8400000000000004,0.05688645919461866,0.020702934579529778,10.742206922377274,6.282355025827704,6.230917410018172,0.0,0.22628021165151566,0.05853721156380408,1.7103241742121298,-0.05005764230285216,-0.09697665257776342,0.0,440.47368935103253,440.4511727821954,439.7558198106843,439.3830619144356
0.9000000000000005,0.07151531856260473,0.024188564245934498,10.846885012215685,6.28003806120995,6.22499212294308,0.0,0.26191269259312683,0.0573979295040476,1.7788056103719885,-0.022203475100164082,-0.10256868967775165,0.0,430.16905170736413,429.68652163908223,428.9504771107126,431.30822906159597
0.9600000000000005,0.08858088343872085,0.02755495997422762,10.958712409339396,6.2785660467601545,6.218760504807069,0.0,0.30761653189932286,0.05465942757535474,1.9484514784747804,-0.02965598422945044,-0.10657506521887992,0.0,461.7483420798113,461.4232276460826,462.60710109945,462.01987256609596
1.0200000000000005,0.10871543946850176,0.030708365376895485,11.08352877230736,6.277159688051002,6.212919925798467,0.0,0.3642676110275926,0.050258658684670623,2.211561170175141,-0.013250163435834525,-0.08337592030132018,0.0,489.38881257142083,491.1050252576213,489.1585493753025,490.3786230513804
1.0800000000000005,0.13204519305478496,0.033596152154019024,11.219278702876696,6.276643282176613,6.2089821265469425,0.0,0.4138164913501774,0.04593676548052928,2.313194635034757,-0.0006441350848257659,-0.04344176901599873,0.0,441.27739786957653,444.557674572397,442.1423413375571,443.17976502281834
1.1400000000000006,0.15842398756673104,0.03621638503411297,11.36115755958217,6.27665355629582,6.206341412038665,0.0,0.4657248296815578,0.04140460103954586,2.4158588116255784,0.0017541856738944573,-0.04517693013151528,0.0,442.64566690617346,442.5017517572851,444.5692003983786,444.7656589252481
1.2000000000000006,0.188071359468623,0.03855733679278858,11.510479178369295,6.276997689656401,6.203634162450786,0.0,0.5227854591317103,0.036654996628895764,2.5611787667823758,0.012700179152017835,-0.04500888916290455,0.0,457.43429830241433,457.44656578536615,456.8591663716977,457.7309806821634
1.2600000000000007,0.22127878286140804,0.040618262395314214,11.669484294561313,6.278305483972133,6.200850994510519,0.0,0.5844002137106671,0.03216766969539968,2.7385439313120474,0.03561305683698577,-0.049292632039729375,0.0,468.35300090524976,468.01855601646065,466.48505768277386,468.27081089091723
1.3200000000000007,0.25802048327437044,0.04245785317721741,11.836401480427822,6.280857867315241,6.198069918062732,0.0,0.6405847396360839,0.029390438222198244,2.8251140714681684,0.0536719876894748,-0.041038140323166314,0.0,440.02081161795707,440.70230912722144,440.45035041410085,441.9423247400288
1.3800000000000008,0.298301976593019,0.044183721371411605,12.009861944767884,0.0007383161610921007,6.195034798494303,0.0,0.7023679956242587,0.02847498397883541,2.9565293111477104,0.04537168985312938,-0.08820976805575172,0.0,456.5625588951959,452.7810294213305,456.27491017455844,455.6133591564426
1.4400000000000008,0.3426488807659353,0.04592356009779562,12.194379429183149,0.0038834297563923315,6.190777199396834,0.0,0.7763644179973572,0.029880668151301918,3.1933429304887926,0.0637065193481814,-0.04917372435062693,0.0,486.29096488900166,489.20231263598544,486.38382015049444,487.7565046224407
1.5000000000000009,0.3920052358216021,0.04785341880918141,12.398185936782934,0.007671919872138666,6.1875750288200955,0.0,0.8691746300903817,0.03500201115280396,3.5989379935522323,0.06198736146645101,-0.06345781167872669,0.0,535.3238653507877,534.3496024214321,535.2665121867244,535.1516574800479
1.560000000000001,0.44590158043233036,0.05010558654561704,12.614652980343305,0.011358491030092566,6.183857474305025,0.0,0.927691060831424,0.040401816292530424,3.616514653670377,0.060331491045457125,-0.059120229062366955,0.0,424.20421061875174,424.57357904042095,423.93201460482845,423.7926008486901
1.620000000000001,0.5035852490159909,0.05277383357217407,12.834277297564032,0.01504719048409875,6.179833408899331,0.0,0.9954264020752116,0.048901452036797646,3.7039437916393116,0.06367766974636609,-0.09191207754338215,0.0,447.78956773407896,445.1100615325544,447.19306566718114,447.468240253888
1.680000000000001,0.565637010727435,0.056060028568965796,13.06121135932812,0.018676934595388772,6.174693900009002,0.0,1.0734819955928432,0.0610402005124674,3.8598998954836663,0.05322432847439162,-0.07542413407184428,0.0,467.5953912266038,468.87238549698276,469.5281271658167,468.71876179283527
1.740000000000001,0.6323570000849926,0.06013238769175941,13.296358080677596,0.02270855427119045,6.170097575096115,0.0,1.1509334887318037,0.07508270725453092,3.9778168499597832,0.0861097666520844,-0.07907778864598601,0.0,458.6963751510643,458.40166361543066,456.9871811740452,459.6041550778423
1.8000000000000012,0.7037035748830306,0.06511501602437259,13.537552082404739,0.027835373673141817,6.165443154742466,0.0,1.2277011306896177,0.09150791976376275,4.061576599195081,0.08408828393656996,-0.07472506180483343,0.0,448.92947517548896,449.27783038798873,448.7856611689241,448.6274673470129
1.8600000000000012,0.7798189599230032,0.07120413993223447,13.784366332281882,0.033471724095599065,6.160668099258391,0.0,1.3098847180902784,0.1120013204778458,4.165067461745392,0.10861574780458211,-0.09169561335924345,0.0,456.39672862097075,455.03505949705067,455.11180794174584,457.0778768797342
1.9200000000000013,0.8607165834285672,0.07857498555413636,14.035374259512286,0.039728928902081684,6.155511173769785,0.0,1.387155471605661,0.13427780989767174,4.201593733099046,0.09381027697170011,-0.07640925420099136,0.0,434.5370116780186,435.8103165548185,437.07454032838183,435.84835296615387
1.9800000000000013,0.946678906065509,0.08750295409370693,14.29117410328812,0.04504881204093003,6.151303196698873,0.0,1.4786293493078595,0.16387676472717322,4.324459603123591,0.07562651071503629,-0.05986671799420938,0.0,463.0140221371198,464.3101277630813,464.0054425823582,462.58167443445626
2.0400000000000014,1.0378872440065858,0.09820397686857378,14.55189687235844,0.04949437464938278,6.147758857532429,0.0,1.5619303470129218,0.19323135317019358,4.366017413887907,0.07083565267914918,-0.05752971168309647,0.0,440.37962826184645,440.5704380510743,438.32206361214395,437.92805908584774
2.1000000000000014,1.134125263129808,0.11073824304710866,14.81488651685314,0.05378753274834036,6.1450801097592205,0.0,1.6462273705682873,0.22495996753736877,4.400054391776826,0.07294862613228487,-0.026769590114742753,0.0,435.57596572487563,438.139688755322,438.0168636408409,438.1965863824911
2.1600000000000015,1.2350080637543812,0.12507942493689142,15.076668241912458,0.0578901752640153,6.143716487027245,0.0,1.7166482713195388,0.25341693282858674,4.326212306567003,0.057164022720202004,-0.015669582472518682,0.0,400.98298638951786,401.99011538331695,402.5189874780149,401.09177818780853
2.2200000000000015,1.3416332509140698,0.14181456235418893,15.344698236865206,0.06133631542001883,6.142341097477157,0.0,1.83746304482084,0.304792019759016,4.606882581336968,0.057973285090154016,-0.044221395520691986,0.0,511.9766411468872,509.940925285372,511.28832213477733,511.3477783117544
2.2800000000000016,1.4546346726366555,0.16132583386632013,15.623173996849038,0.06465786067335877,6.139995917061761,0.0,1.9294089168946091,0.34589047446325794,4.675230860006014,0.04954029668879107,-0.030408564343761015,0.0,449.7417337361845,450.8584702850039,452.3525350956283,451.67484836796683
2.3400000000000016,1.5735862062501702,0.1835452343809215,15.908482610349413,0.06737553971041699,6.1384685830746335,0.0,2.035678768753875,0.39502113397368094,4.834249864163541,0.035058585230766305,-0.01704005748975545,0.0,479.3633829398297,480.3782062919019,479.88945499542376,478.78981190508637
2.4000000000000017,1.6988057931636529,0.20870866356574586,16.202426880134016,0.06948965639008708,6.137738996006306,0.0,2.13826233511752,0.44393812012210276,4.963217569367092,0.03558626734197955,-0.0038493285822019255,0.0,471.4145806982131,472.43299405848876,472.5582542029523,472.5993886678316
2.4600000000000017,1.829495240357451,0.2365239092055466,16.499411758124328,0.07143434624692091,6.13721526041626,0.0,2.2180443559902105,0.48340973891129996,4.9363210529418,0.02515687980707131,-0.020915234571419417,0.0,424.7401293894209,423.2738259523348,425.09441209449346,424.2000529096467
2.520000000000002,1.9648511440050618,0.2666779140484012,16.793944842808298,0.07277826529370568,6.135912275935153,0.0,2.2939008357547,0.5218469479791542,4.881604321681236,0.016216793749596017,-0.023368749457186245,0.0,415.4591899517928,415.2439302695344,414.7153185876943,413.9292409253675
2.580000000000002,2.105737939462016,0.2996319482821434,17.091683751595763,0.07359072894068586,6.134278727276234,0.0,2.402323773656204,0.5766565613830203,5.042180955260585,0.0075660817543974565,-0.03634098525945091,0.0,483.01201422075417,482.03244357515916,483.08488309055923,482.4319279805552
2.640000000000002,2.2529677235544474,0.3357956805689125,17.39777400272574,0.07419860874764961,6.132290904163973,0.0,2.5054081854440438,0.6288037785807445,5.1601481507512466,0.014823012948016849,-0.027379596842826155,0.0,470.81442654566354,471.50698342090595,471.88742993560504,472.4472428648725
2.700000000000002,2.40604625086498,0.37492301203305606,17.708535501938275,0.07537744333083563,6.13054501187267,0.0,2.5972733641055186,0.6755121737951536,5.198269077732926,0.02787534567810105,-0.03277765093791627,0.0,448.7559309991345,448.3172226713883,447.7148849239549,448.77573244218155
2.760000000000002,2.564560369601403,0.41682738403671105,18.020933432892306,0.0769460112246092,6.12817734597056,0.0,2.686640447278703,0.7214262087692133,5.214783374048215,0.022431218095993376,-0.05821587413993337,0.0,443.2012946705584,441.1042262186204,442.3568944711588,441.9084190624542
2.820000000000002,2.7285514332232426,0.4615508584234632,18.334803035297952,0.07866437187943909,6.124590103222502,0.0,2.7799620649082515,0.7694696477299221,5.2472071263099105,0.038816580534785414,-0.06313020623049212,0.0,447.7615034013712,447.3589561065456,447.21954005537503,448.55262092690333
2.880000000000002,2.898816785296084,0.5094942036354544,18.65443554862323,0.08135130523272505,6.120857549173106,0.0,2.895766817853752,0.8288388068252116,5.406204646092769,0.054627273830828174,-0.060428916817805906,0.0,486.5631453361831,486.7629481609484,486.7477103199703,487.9306123173645
2.940000000000002,3.0751984986337293,0.5606111884279051,18.97810771157335,0.08429054614784182,6.117247903507142,0.0,2.983870555425399,0.875314339962289,5.382790131654413,0.03425265772649958,-0.05963000493602921,0.0,432.2494758652512,432.31414087679394,433.60809907226513,431.894204624055
3.000000000000002,3.2576595712587912,0.6149345280638188,19.30476610807223,0.086081916599543,6.113440497640731,0.0,3.098365792508757,0.9355909216454673,5.504977655385924,0.01916880645687738,-0.07248289029491042,0.0,478.6779844578352,477.696045872188,479.01993558596865,477.87152185613456
3.0600000000000023,3.447065265774381,0.6729076736849797,19.638753178485167,0.08701875239863543,6.109301545807853,0.0,3.215408309109559,0.996874640505985,5.627046693334154,0.007338075325385665,-0.06277114762047434,0.0,479.08478849680927,479.81952150886707,480.97361746032533,480.07650259870996
3.1200000000000023,3.6437540848789576,0.7346643243429999,19.981106476179818,0.08723493589574716,6.106146053079243,0.0,3.341019588958834,1.061615106711432,5.7836650557682,-0.005171699860104458,-0.037542728137761695,0.0,490.8747579729814,492.74198888495664,492.3994075442068,491.47286550819325
3.1800000000000024,3.8473685263304844,0.799982805440916,20.329169999499292,0.08691528093825607,6.104348097671918,0.0,3.446177080618243,1.1155956541291308,5.818102545126419,-0.005641200524670919,-0.017997972782342234,0.0,455.7848544622704,457.3442337954034,457.6629046743863,457.6256206566512
3.2400000000000024,4.057910665519738,0.8688209818413629,20.682625324527134,0.08649188241908945,6.103531368183088,0.0,3.5717379483306138,1.1788726831848382,5.962790165396146,-0.010049586864848362,-0.006033598321256847,0.0,490.68030388186673,491.5680008148234,491.2173923676752,490.89042560568635
3.3000000000000025,4.274530976246158,0.9407530981452585,21.036794515805816,0.08642944250208284,6.102928152923363,0.0,3.648982147252225,1.2188795077869892,5.843419761236055,0.012674701439832039,-0.019635231478287128,0.0,409.0219450306621,407.808567134665,408.6078001971324,410.6292260248936
3.3600000000000025,4.495775650500276,1.0150840197271038,21.383789889543742,0.08705204880440576,6.101982454467919,0.0,3.7259219139958555,1.2588999653314235,5.723631639547516,0.005331573215887784,-0.008963830656000236,0.0,407.3018783998923,408.2554707733407,407.7328236923895,407.07597143496145
3.4200000000000026,4.72283790841413,1.0923955385777713,21.730164192439933,0.08812898009510484,6.10117972017272,0.0,3.84266404878698,1.318155755391237,5.821492477248155,0.03556532504345436,-0.024124073801342738,0.0,477.9903352891212,476.8334748052754,475.32333607387477,477.63512806991093
3.4800000000000026,4.955565675877993,1.1726450778481603,22.07516709377788,0.08997859473279668,6.099634470737875,0.0,3.915054940392001,1.357007352954164,5.679245610451796,0.019090113822496958,-0.029231197637407797,0.0,399.89260297815133,399.4267745536444,401.05983656699107,399.56064744221885
3.5400000000000027,5.1923792572194545,1.255119442291068,22.410242236480798,0.09115510741322908,6.098342276857226,0.0,3.978890456579024,1.3922728771386372,5.490819702747558,0.020625666076007746,-0.009419640841342612,0.0,380.69108169220556,382.5824715299354,381.2688400111596,381.41559485005655
3.6000000000000028,5.434432197475144,1.3404130487735821,22.741551173356736,0.09328649618605223,6.097643780240828,0.0,4.089405787351953,1.4509607044086708,5.5523276047953525,0.055296505424217365,-0.016503714936717127,0.0,464.32419380205636,463.7681191980903,463.07130816604604,465.7916310970704
3.660000000000003,5.68327764068119,1.4293570035989263,23.077437515605784,0.09678548678646326,6.096760679778907,0.0,4.20530507679685,1.5141058464906338,5.643190609446565,0.06375757489171573,-0.011367541324620707,0.0,473.6810061859915,474.076020855027,474.28604154034525,474.9376772560119
3.720000000000003,5.93859282950685,1.5219130563611036,23.41624159586366,0.10067638987475291,6.095892397179508,0.0,4.305120735942593,1.571404153513738,5.650052947714021,0.066944350299512,-0.021541357564355462,0.0,449.8723522994485,449.04772014011917,449.5536047904358,449.8148442240826
3.780000000000003,6.2005487704548115,1.6183248222899302,23.758893503490192,0.10425798821387744,6.094671786863948,0.0,4.426601844580852,1.6426241364158747,5.7707651503819,0.03841755948747372,-0.018049592137759723,0.0,485.65881129920854,485.9207535789718,485.41713791717734,483.27327995088734
3.840000000000003,6.468805782034373,1.7185341741172226,24.103621606780294,0.10603718464305256,6.09361849318849,0.0,4.515294183875724,1.6978542090969297,5.720284127468967,-0.00048096026231635516,-0.016583473762189663,0.0,433.1107993528477,433.23418610340394,435.1186001056186,431.84927180369465
3.900000000000003,6.7424080716378985,1.8220909928237787,24.445476591745063,0.10597829505814893,6.0926146122546925,0.0,4.6047658033973935,1.7540213996805625,5.674997336300404,-0.0020019224208354435,-0.01702873483132627,0.0,435.01348591094217,434.9762685829161,434.6010510832441,434.47353985086556
3.960000000000003,7.022096829631379,1.929409120140572,24.788355156661325,0.10610522236623421,6.0919257507587545,0.0,4.718035194361098,1.8231584587931529,5.753685013915751,0.009288519753023288,-0.002214527756613992,0.0,473.3803316834824,474.51928689345164,473.18913856807194,474.0576560836789
4.020000000000002,7.308656112634168,2.0409234170386172,25.13641308515055,0.10657960678795675,6.091623369948769,0.0,4.833695419960313,1.8939360944853612,5.847558336162026,0.004987972863370696,-0.011392231167514895,0.0,480.90587952045945,480.21013570023297,478.7388652544863,478.4113360257426
4.080000000000001,7.60187683400074,2.1565448933989613,25.488772517788814,0.1065471756778944,6.090971652668788,0.0,4.940175035512825,1.9600508244385046,5.897312027910904,-0.014891757736783737,-0.009821948194925413,0.0,467.2425041004072,467.3650698728705,468.59686281904294,467.0485902643915
4.14,7.900599759737904,2.275646553080129,25.83966567847195,0.1057870651647228,6.0906196298352775,0.0,5.017243685499738,2.009958956067576,5.7995971486213636,-0.008556559226688094,0.0010567960662301698,0.0,420.4576111275145,421.39941020504864,420.14634328605064,420.6955132267691
4.199999999999998,8.20471892603999,2.3981571035509526,26.18876433947099,0.10554286009384839,6.0911039063869055,0.0,5.119822080524341,2.0736231730512613,5.836707776417886,0.003659696278627881,0.01932085720589424,0.0,463.58328467384945,465.0164555604786,462.32113313760556,463.2829711486982
4.259999999999997,8.514824939111753,2.5244113396944097,26.53945414459319,0.1062105132511908,6.092046314976596,0.0,5.216755519479261,2.13484252143332,5.852777158108214,0.022959377999441713,0.007268542774396427,0.0,458.49888103181473,457.54000855576516,456.423135745054,457.9611265681288
4.319999999999996,8.830537590743461,2.6542588642868106,26.890273444268804,0.10777777203576644,6.093022151729453,0.0,5.306773814096568,2.1935012516191463,5.8411626546430595,0.03179310097962145,0.02996243175933662,0.0,447.69803840679924,449.5411409510549,449.471159147691,450.186819315479
4.379999999999995,9.151530788470255,2.787611431075511,27.240047526382067,0.1102103159892529,6.094748357466468,0.0,5.392695172017351,2.2517486385543544,5.818034261523336,0.053947210889865024,0.026272345479276146,0.0,445.5949688159465,445.293357466315,444.76778882211806,446.5798170912028
4.439999999999993,9.478167349154376,2.9248186417137205,27.591308570981717,0.11293249390286064,6.096613905716147,0.0,5.494751163899435,2.322043796657758,5.890129420695602,0.016594029347239525,0.0393138717661087,0.0,474.6545729614731,475.65487119741255,476.7521153502632,473.88972412498293
4.499999999999992,9.809891566935384,3.0657069889962933,27.941823462645715,0.11387837174876303,6.098728865590612,0.0,5.562484663257808,2.37433070268281,5.794250436215435,0.014052068596325615,0.025541615329235684,0.0,424.07157762469905,422.8871590143017,421.4767685354436,421.25687121552795
4.559999999999991,10.145928741961482,3.209930997033091,28.28825796236294,0.11557878772395291,6.099705891348343,0.0,5.638508051808099,2.433230403664185,5.75373966661257,0.047558231922913974,-0.0181122044757861,0.0,441.50800745924727,437.8905576086634,438.3713840769784,441.1477732805267
4.6199999999999894,10.48689242290589,3.3579675113258807,28.634421194100653,0.11882751371669009,6.099369740187829,0.0,5.726806319996455,2.5015288810456986,5.784652691902754,0.06482964147842105,0.011907482871520086,0.0,461.01229969943995,463.3788699552898,461.72438277497685,463.0870755887632
4.679999999999988,10.832605831847665,3.5098257267676085,28.97965722749784,0.12255279844821221,6.100753882949995,0.0,5.796776247263455,2.5607111485741423,5.723453351084643,0.055950700739837454,0.03918840276367366,0.0,432.48630880748465,434.7787181673255,433.6206050919631,432.8767306739774
4.739999999999987,11.182588171396835,3.6653732025439387,29.3219223570796,0.12553332340747847,6.103215328231201,0.0,5.868958581440594,2.624454083829086,5.685542640933374,0.032577509182955725,0.04446269147380908,0.0,440.9961845596642,441.4326428687072,440.7998562547895,438.86505509111356
4.799999999999986,11.5368158182679,3.8247775679430807,29.661869086344456,0.12773704556327647,6.1054907523257,0.0,5.9382815795465635,2.6891785819548653,5.6462105916715055,0.04395132008315825,0.019767455073210517,0.0,440.74692452359346,438.7012712395107,439.155000237218,440.09829534437256
4.859999999999984,11.895147509868995,3.988103758726795,29.999521042232615,0.13031896771102325,6.106593147269368,0.0,6.005881792418386,2.7552159202342397,5.6089702756688276,0.041127564494609574,0.015428119661896408,0.0,441.05489942390165,440.6962143395996,439.270873479826,439.03763146634407
4.919999999999983,12.257077845069588,4.155127234333005,30.332666931122255,0.13262080664123221,6.108106663228504,0.0,6.058321635861848,2.812434019179393,5.496469946476643,0.03216959348885702,0.03984814178069896,0.0,413.1656599711293,415.3138545315057,414.93373176895824,414.14716216372767
4.979999999999982,12.623168602336497,4.3264117096233825,30.66508716127081,0.1343218476372936,6.110878859345103,0.0,6.144167855822905,2.897109476564711,5.583655680409368,0.01934315113568217,0.056577782175967366,0.0,476.63199253906305,477.91020450245446,478.32457726351845,477.3467099766264
5.0399999999999805,12.99318145565885,4.501922874742981,30.996271595915427,0.13563939337741093,6.114757184285368,0.0,6.189289065313682,2.9533986470188514,5.456609406162962,0.026735129476128973,0.0772075767499387,0.0,407.9712583623916,409.8129946391061,409.0124191559169,409.6704784256354
